0 0.217447 0.783737 0.185808 0.138678
0 0.158065 0.696587 0.143666 0.091602
0 0.116882 0.741753 0.187725 0.069974
0 0.232772 0.631065 0.362040 0.054708
0 0.295026 0.610709 0.199217 0.072519
0 0.307479 0.531192 0.212626 0.124683
0 0.476046 0.530556 0.158989 0.100511
0 0.510525 0.475213 0.120678 0.058524
0 0.336210 0.705493 0.181977 0.170483
0 0.459763 0.755747 0.187721 0.136131
0 0.533513 0.278649 0.239442 0.120865
0 0.660897 0.306000 0.122595 0.078881
0 0.812224 0.328266 0.145579 0.187022
0 0.580442 0.176231 0.203048 0.111959
0 0.746138 0.126611 0.147500 0.162850
0 0.686756 0.043914 0.139831 0.053435
0 0.841915 0.048368 0.120678 0.057253
