0 0.094931 0.148898 0.180938 0.287532
0 0.281575 0.264678 0.309725 0.152673
0 0.273425 0.099283 0.306450 0.195932
0 0.539131 0.106278 0.185837 0.202293
0 0.818688 0.109463 0.343950 0.175571
0 0.865150 0.254498 0.241250 0.223922
0 0.766531 0.241141 0.268962 0.110693
0 0.228519 0.426893 0.425613 0.298976
0 0.393969 0.423707 0.287062 0.244273
0 0.592106 0.518498 0.187462 0.332059
0 0.741262 0.470146 0.329275 0.354966
0 0.254600 0.797756 0.366925 0.292624
0 0.577437 0.876615 0.239625 0.246771
0 0.843956 0.732873 0.234737 0.307893
0 0.633675 0.715693 0.251025 0.235366
