0 0.462411 0.201611 0.231715 0.337152
0 0.549053 0.117651 0.072282 0.125946
0 0.611440 0.207983 0.115858 0.242994
0 0.681739 0.076299 0.109919 0.139958
0 0.790663 0.185073 0.208932 0.212474
0 0.828293 0.313576 0.208948 0.179376
0 0.106424 0.464979 0.185178 0.250624
0 0.263867 0.792588 0.187152 0.409667
0 0.265348 0.377817 0.128722 0.129771
0 0.227727 0.512058 0.106942 0.148857
0 0.401505 0.803399 0.076246 0.187006
0 0.531723 0.720062 0.186165 0.417297
0 0.600049 0.881008 0.120809 0.220104
0 0.653528 0.734054 0.091100 0.234096
0 0.756505 0.699075 0.168350 0.197193
0 0.844134 0.567391 0.230728 0.188295
0 0.938706 0.836476 0.120809 0.296445
0 0.740655 0.865104 0.104968 0.170499
