0 0.091052 0.729064 0.168197 0.204843
0 0.098691 0.556036 0.133777 0.075071
0 0.210494 0.582114 0.177725 0.127229
0 0.329946 0.650186 0.210236 0.103057
0 0.265923 0.802221 0.162446 0.236643
0 0.430268 0.822571 0.131867 0.206114
0 0.504818 0.678807 0.254185 0.109414
0 0.626170 0.771686 0.386030 0.124686
0 0.314657 0.252600 0.221674 0.173029
0 0.454174 0.205529 0.156717 0.127229
0 0.551631 0.083386 0.110858 0.053429
0 0.723637 0.120921 0.286674 0.090329
0 0.686363 0.052857 0.200665 0.050886
0 0.610880 0.379193 0.275193 0.171757
0 0.732242 0.313671 0.189206 0.089057
0 0.605150 0.265321 0.118498 0.058529
0 0.883219 0.395729 0.227425 0.118314
0 0.759946 0.432629 0.137618 0.075057
0 0.709303 0.476514 0.093627 0.043257
0 0.663433 0.536314 0.108927 0.122143
