0 0.170042 0.235978 0.184906 0.195930
0 0.349430 0.704807 0.063611 0.232827
0 0.426190 0.475167 0.052589 0.152671
0 0.523733 0.453534 0.088209 0.249360
0 0.110670 0.928728 0.183204 0.095417
0 0.226019 0.926183 0.091602 0.103051
0 0.422374 0.910610 0.055134 0.178780
0 0.466902 0.921730 0.049191 0.142493
0 0.062324 0.356842 0.117049 0.099234
0 0.277336 0.208624 0.060218 0.136131
0 0.349854 0.142467 0.067852 0.097969
0 0.388872 0.055952 0.100084 0.100506
0 0.551719 0.054044 0.105174 0.094144
0 0.515672 0.219438 0.038170 0.206109
0 0.544936 0.283690 0.079732 0.166667
0 0.540697 0.927455 0.117049 0.138676
