0 0.167900 0.124708 0.105489 0.165403
0 0.226411 0.250026 0.046156 0.110686
0 0.256078 0.380437 0.115378 0.315523
0 0.415139 0.464408 0.184611 0.236638
0 0.413489 0.536295 0.151644 0.133585
0 0.429156 0.641244 0.141756 0.124683
0 0.399072 0.258302 0.093122 0.188302
0 0.511156 0.325094 0.170600 0.199760
0 0.623194 0.435780 0.112989 0.375334
0 0.645489 0.685780 0.164000 0.211184
0 0.786011 0.403971 0.229111 0.171750
0 0.645078 0.192136 0.113733 0.213739
0 0.069828 0.732213 0.136811 0.174305
0 0.164189 0.725849 0.122800 0.220103
0 0.197567 0.576998 0.108778 0.151389
0 0.089194 0.898250 0.137633 0.122127
0 0.308000 0.837178 0.145044 0.134871
0 0.340556 0.734760 0.165644 0.120875
0 0.470733 0.814280 0.175622 0.259537
0 0.583678 0.867710 0.093133 0.259537
0 0.752628 0.899520 0.135989 0.185763
0 0.823917 0.846089 0.225811 0.223911
0 0.831744 0.645703 0.086533 0.253190
0 0.741500 0.653336 0.107133 0.125952
