3 0.889313 0.519654 0.221375 0.174425
3 0.367797 0.441412 0.241506 0.297842
3 0.400238 0.690204 0.233875 0.215008
3 0.637884 0.510750 0.273856 0.227867
3 0.491412 0.346629 0.116412 0.215142
3 0.805344 0.305342 0.171750 0.216283
3 0.706584 0.260112 0.119269 0.260942
3 0.922662 0.359417 0.129863 0.159033
3 0.888837 0.770358 0.166988 0.276083
3 0.768128 0.763358 0.106869 0.295167
3 0.655488 0.722646 0.156587 0.251908
3 0.605916 0.840329 0.188931 0.263358
3 0.413647 0.888042 0.128819 0.213733
3 0.123522 0.875954 0.147994 0.204842
3 0.248094 0.230221 0.104963 0.264758
3 0.106822 0.481550 0.190931 0.151400
3 0.101100 0.359988 0.166125 0.099358
3 0.102050 0.209225 0.148950 0.240583
