3 0.367539 0.538790 0.135352 0.136257
3 0.801489 0.546488 0.110928 0.296442
3 0.805713 0.781852 0.147559 0.250635
3 0.917959 0.633003 0.139102 0.309153
3 0.634292 0.372189 0.244307 0.281177
3 0.521626 0.599854 0.093936 0.197328
3 0.341235 0.650747 0.172920 0.105728
3 0.174980 0.679378 0.056445 0.165529
3 0.165591 0.459907 0.088389 0.169339
3 0.141211 0.920509 0.114590 0.158981
3 0.120503 0.708003 0.142861 0.194788
3 0.395244 0.823843 0.183262 0.225198
3 0.622129 0.692738 0.155918 0.143889
3 0.627295 0.806032 0.111777 0.120873
3 0.635698 0.575747 0.109990 0.230278
