3 0.879775 0.802800 0.129775 0.160300
3 0.617844 0.364508 0.105912 0.176850
3 0.523806 0.350508 0.087888 0.146317
3 0.400238 0.402675 0.075475 0.153950
3 0.712788 0.722650 0.097325 0.211200
3 0.782919 0.802158 0.100187 0.230283
3 0.455156 0.702925 0.171762 0.202283
3 0.312500 0.720733 0.104000 0.197200
3 0.221856 0.597333 0.149812 0.151400
3 0.520944 0.358150 0.089788 0.174300
3 0.615887 0.567433 0.130825 0.274800
3 0.464219 0.547708 0.140263 0.103050
3 0.768131 0.423600 0.154588 0.226600
3 0.086831 0.690208 0.076338 0.164117
3 0.192269 0.238550 0.195613 0.240467
3 0.375956 0.216925 0.129763 0.253183
