4 0.588738 0.295800 0.110675 0.283733
4 0.595900 0.519733 0.079200 0.181933
4 0.628337 0.718183 0.128825 0.220100
4 0.700387 0.835233 0.082075 0.212467
4 0.608725 0.848600 0.080250 0.211200
4 0.859263 0.783717 0.155525 0.223900
4 0.911262 0.202283 0.177475 0.307900
4 0.283837 0.761450 0.086925 0.194633
4 0.184163 0.571250 0.062975 0.167967
4 0.263312 0.285617 0.181375 0.174300
4 0.281913 0.543900 0.075475 0.103067
4 0.513312 0.577600 0.066875 0.226467
4 0.415988 0.416600 0.082175 0.166800
4 0.064888 0.484733 0.112575 0.211200
4 0.487600 0.877867 0.112600 0.198467
4 0.379250 0.660233 0.067850 0.155333
