5 0.084802 0.108888 0.072867 0.094100
5 0.160843 0.150450 0.088710 0.117623
5 0.177475 0.274350 0.102968 0.095669
5 0.338267 0.212400 0.088718 0.141154
5 0.486387 0.165350 0.112479 0.119192
5 0.562428 0.214754 0.147327 0.076846
5 0.468963 0.282188 0.147327 0.092531
5 0.327179 0.333158 0.098213 0.087823
5 0.644009 0.428827 0.060202 0.138008
5 0.704207 0.490777 0.095051 0.098800
5 0.379456 0.443727 0.152075 0.177223
5 0.206783 0.322965 0.082378 0.139577
5 0.289949 0.411577 0.064949 0.125462
5 0.248761 0.520577 0.093465 0.076846
5 0.139456 0.412358 0.074452 0.095669
5 0.057078 0.337081 0.093473 0.083115
5 0.164802 0.500188 0.090303 0.142715
5 0.465793 0.584873 0.061779 0.114485
5 0.617078 0.525281 0.085548 0.117623
5 0.652723 0.615458 0.099806 0.069008
5 0.733516 0.640550 0.083955 0.097238
5 0.593318 0.683681 0.079207 0.086254
5 0.278862 0.654665 0.074460 0.138008
