5 0.175242 0.249236 0.159567 0.213292
5 0.391133 0.145731 0.231533 0.159967
5 0.330117 0.326871 0.172083 0.227410
5 0.227654 0.518989 0.120458 0.153701
5 0.329338 0.572314 0.195558 0.244662
5 0.556954 0.259432 0.328525 0.152130
5 0.884700 0.344908 0.226833 0.097235
5 0.833075 0.221792 0.164267 0.155263
5 0.822121 0.079858 0.214325 0.100368
5 0.577296 0.493112 0.272208 0.189766
5 0.780667 0.540944 0.115767 0.194470
5 0.709483 0.377059 0.092300 0.161537
5 0.436500 0.708755 0.209633 0.288571
5 0.657858 0.733066 0.208067 0.299549
5 0.247204 0.871863 0.156442 0.207018
5 0.246425 0.698563 0.283150 0.186633
