5 0.171177 0.148176 0.196200 0.153691
5 0.365700 0.171701 0.162662 0.207014
5 0.408462 0.301871 0.120738 0.178791
5 0.204715 0.362252 0.266631 0.108216
5 0.733777 0.123867 0.234769 0.083115
5 0.593758 0.268076 0.085515 0.218151
5 0.655800 0.244550 0.092231 0.174237
5 0.771508 0.275917 0.082169 0.105230
5 0.736292 0.482230 0.092231 0.207022
5 0.867931 0.548101 0.144215 0.078417
5 0.845292 0.628083 0.259923 0.072137
5 0.767315 0.744921 0.228062 0.101942
5 0.576150 0.668076 0.171038 0.180353
5 0.337192 0.616320 0.112354 0.145849
5 0.147704 0.604558 0.236438 0.119187
