4 0.297412 0.618164 0.177320 0.222561
4 0.709800 0.650759 0.087493 0.185757
4 0.077159 0.227444 0.109751 0.117288
4 0.220423 0.260637 0.069238 0.099584
4 0.138295 0.493443 0.067029 0.113968
4 0.376210 0.238950 0.118589 0.151589
4 0.633645 0.493444 0.129639 0.160441
4 0.558882 0.962153 0.111224 0.068601
4 0.689257 0.865336 0.065555 0.074135
4 0.439924 0.600884 0.067766 0.096267
4 0.512478 0.533941 0.095018 0.104012
4 0.465336 0.485808 0.059665 0.049794
4 0.639537 0.325257 0.104595 0.133885
4 0.255043 0.402712 0.094283 0.087412
4 0.793114 0.580303 0.080286 0.177037
4 0.796429 0.851393 0.094283 0.108436
4 0.835836 0.434909 0.093545 0.109543
4 0.462758 0.826496 0.114907 0.078560
4 0.323914 0.790537 0.174569 0.141630
