4 0.411560 0.229244 0.328482 0.194525
4 0.799189 0.275684 0.173486 0.119144
4 0.223664 0.358050 0.236514 0.133187
4 0.140890 0.592000 0.212858 0.117413
4 0.214470 0.470206 0.239138 0.136687
4 0.361626 0.713794 0.139278 0.087625
4 0.549522 0.730444 0.189203 0.110400
4 0.456232 0.844353 0.134021 0.085869
4 0.307760 0.818944 0.147160 0.063088
4 0.503529 0.968775 0.165558 0.054325
4 0.353744 0.899553 0.112999 0.066594
4 0.520609 0.063637 0.294321 0.126175
4 0.570539 0.570972 0.236504 0.131431
4 0.695366 0.480719 0.260159 0.108650
4 0.433894 0.406241 0.189213 0.117419
