6 0.501400 0.487931 0.072683 0.098112
6 0.280896 0.400119 0.072675 0.098112
6 0.347963 0.474606 0.072675 0.098113
6 0.422263 0.451594 0.072675 0.098113
6 0.779188 0.414044 0.072675 0.098113
6 0.869638 0.392228 0.072675 0.098119
6 0.404500 0.159662 0.072683 0.098112
6 0.606383 0.916725 0.072683 0.098113
6 0.677442 0.909463 0.072683 0.098113
6 0.758196 0.887656 0.072675 0.098113
6 0.808262 0.857375 0.072675 0.098113
6 0.884167 0.829516 0.072683 0.098119
6 0.960075 0.804078 0.072683 0.098119
6 0.431954 0.583625 0.072675 0.098113
6 0.519162 0.642975 0.072675 0.098113
6 0.672596 0.702331 0.072675 0.098113
6 0.616071 0.644188 0.072675 0.098113
6 0.457796 0.725344 0.072675 0.098113
6 0.391575 0.687794 0.072683 0.098113
6 0.352812 0.646612 0.072675 0.098112
6 0.506246 0.126966 0.072675 0.098119
6 0.559542 0.233559 0.072683 0.098119
6 0.620912 0.137869 0.072675 0.098112
6 0.687129 0.180263 0.072675 0.098113
6 0.824413 0.134234 0.072675 0.098119
6 0.964292 0.246884 0.071417 0.098119
6 0.880938 0.269900 0.072675 0.098112
6 0.952000 0.348631 0.072683 0.098112
