6 0.447124 0.802858 0.060225 0.241446
6 0.617734 0.702898 0.060215 0.241446
6 0.501123 0.821028 0.060215 0.241446
6 0.549868 0.849582 0.060225 0.241446
6 0.694199 0.460153 0.060215 0.241446
6 0.753462 0.519861 0.060225 0.241446
6 0.588101 0.444576 0.060225 0.241459
6 0.484873 0.548422 0.060215 0.241459
6 0.323335 0.697706 0.060225 0.241459
6 0.046143 0.440683 0.060215 0.241446
6 0.092979 0.464045 0.060215 0.241459
6 0.175181 0.400438 0.060225 0.241459
6 0.233486 0.458853 0.060215 0.241446
6 0.424653 0.296585 0.060225 0.241446
6 0.507812 0.284907 0.060215 0.241459
6 0.588101 0.244662 0.060225 0.241446
6 0.320469 0.265431 0.060215 0.241446
6 0.371128 0.343322 0.060225 0.241446
6 0.400757 0.876844 0.060225 0.241459
