6 0.224880 0.433410 0.050880 0.062980
6 0.485340 0.366750 0.050880 0.062980
6 0.553130 0.440680 0.050860 0.063000
6 0.244260 0.592090 0.050880 0.062980
6 0.482880 0.457640 0.050880 0.063000
6 0.665780 0.510930 0.050880 0.062980
6 0.679110 0.456430 0.050860 0.062980
6 0.777220 0.258990 0.050880 0.062980
6 0.863220 0.275940 0.050880 0.063000
6 0.783280 0.200850 0.050880 0.062980
6 0.825680 0.093040 0.050880 0.063000
6 0.768740 0.090610 0.050880 0.062980
6 0.159460 0.208110 0.050880 0.062980
6 0.198220 0.149970 0.050880 0.062980
6 0.217600 0.257770 0.050880 0.062980
6 0.262420 0.308650 0.050880 0.062980
6 0.216400 0.337720 0.050880 0.063000
6 0.150980 0.506090 0.050880 0.062980
6 0.339940 0.334090 0.050880 0.062980
6 0.312080 0.730180 0.050880 0.063000
6 0.366600 0.674460 0.050880 0.063000
6 0.496200 0.762880 0.050880 0.063000
6 0.532540 0.739870 0.050880 0.062980
6 0.720290 0.739870 0.050860 0.062980
6 0.691220 0.617530 0.050880 0.062980
6 0.751780 0.644170 0.050880 0.062980
6 0.835360 0.622370 0.050880 0.062980
6 0.791760 0.538790 0.050880 0.062980
6 0.537380 0.638120 0.050880 0.063000
6 0.556770 0.577550 0.050860 0.062980
6 0.484090 0.569070 0.050860 0.062980
6 0.329040 0.440680 0.050880 0.063000
6 0.478040 0.208110 0.050880 0.062980
6 0.565240 0.255350 0.050880 0.062980
6 0.486510 0.282000 0.050860 0.063000
6 0.394460 0.242030 0.050880 0.062980
6 0.401720 0.183890 0.050880 0.062980
6 0.559190 0.196000 0.050860 0.063000
