6 0.421200 0.808061 0.055556 0.162266
6 0.208839 0.239486 0.055567 0.162266
6 0.256989 0.279731 0.055556 0.162266
6 0.366311 0.824287 0.055556 0.162266
6 0.134761 0.257658 0.055567 0.162255
6 0.119944 0.822336 0.055556 0.162266
6 0.038456 0.876857 0.055556 0.162266
6 0.071794 0.850900 0.055567 0.162266
6 0.738500 0.125251 0.055556 0.162255
6 0.813817 0.118762 0.055567 0.162266
6 0.889133 0.136933 0.055556 0.162255
6 0.903944 0.547138 0.055556 0.162266
6 0.986850 0.448481 0.026300 0.162266
6 0.943456 0.929667 0.055556 0.140666
6 0.859500 0.920578 0.055556 0.158843
6 0.794061 0.900222 0.055567 0.162266
6 0.721222 0.798972 0.055556 0.162266
6 0.639733 0.731472 0.055556 0.162266
6 0.673067 0.946542 0.055556 0.106916
6 0.553306 0.269346 0.055567 0.162266
6 0.489106 0.322564 0.055567 0.162255
6 0.415028 0.291414 0.055567 0.162266
6 0.349589 0.242079 0.055556 0.162266
6 0.439722 0.116168 0.055556 0.162266
6 0.516267 0.131741 0.055556 0.162266
6 0.602689 0.462757 0.055556 0.162266
6 0.717511 0.380981 0.055556 0.162266
6 0.663189 0.277126 0.055556 0.162266
