6 0.166307 0.174760 0.071067 0.047240
6 0.592893 0.351120 0.071067 0.047240
6 0.688067 0.353720 0.071067 0.047240
6 0.876733 0.327760 0.071067 0.047240
6 0.281347 0.856080 0.071067 0.047240
6 0.359213 0.880750 0.071067 0.047260
6 0.426733 0.893740 0.071067 0.047240
6 0.371347 0.824940 0.071067 0.047240
6 0.322867 0.792480 0.071067 0.047240
6 0.551347 0.765220 0.071067 0.047240
6 0.601533 0.731460 0.071067 0.047240
6 0.630960 0.766520 0.071040 0.047240
6 0.572120 0.891140 0.071067 0.047240
6 0.655187 0.878160 0.071067 0.047240
6 0.679427 0.930080 0.071067 0.047240
6 0.063253 0.204440 0.071040 0.047240
6 0.094413 0.094100 0.071067 0.047240
6 0.064973 0.056460 0.071067 0.047240
6 0.087480 0.151220 0.071067 0.047240
6 0.179213 0.020560 0.071067 0.041120
6 0.163640 0.052560 0.071067 0.047240
6 0.229413 0.081120 0.071040 0.047240
6 0.309027 0.059040 0.071067 0.047240
6 0.291720 0.127840 0.071067 0.047240
6 0.309027 0.179780 0.071067 0.047240
6 0.691533 0.053860 0.071067 0.047240
6 0.719240 0.030480 0.071067 0.047240
6 0.757320 0.112260 0.071067 0.047240
6 0.748653 0.181060 0.071067 0.047240
6 0.949427 0.139520 0.071067 0.047240
6 0.918280 0.187560 0.071067 0.047240
6 0.857693 0.220020 0.071067 0.047240
6 0.826547 0.192760 0.071067 0.047240
6 0.942507 0.239480 0.071040 0.047240
6 0.975120 0.444580 0.049760 0.047240
6 0.817880 0.452380 0.071067 0.047240
6 0.854227 0.495220 0.071067 0.047240
6 0.776360 0.561420 0.071067 0.047240
6 0.816147 0.591280 0.071067 0.047240
6 0.861160 0.731460 0.071067 0.047240
6 0.911347 0.734060 0.071067 0.047240
6 0.928653 0.800260 0.071067 0.047240
6 0.852493 0.817140 0.071067 0.047240
6 0.461347 0.396560 0.071067 0.047240
6 0.523640 0.464060 0.071067 0.047240
6 0.411147 0.465360 0.071040 0.047240
6 0.144600 0.630220 0.071067 0.047240
