6 0.575088 0.550658 0.059300 0.071317
6 0.618684 0.496437 0.059306 0.071325
6 0.582638 0.440625 0.059300 0.071317
6 0.612869 0.434421 0.059300 0.071325
6 0.038450 0.056125 0.059300 0.071317
6 0.186125 0.580158 0.059300 0.071317
6 0.136125 0.555350 0.059300 0.071317
6 0.209381 0.445275 0.059300 0.071317
6 0.266359 0.487133 0.059306 0.071317
6 0.251244 0.541400 0.059300 0.071317
6 0.231475 0.809617 0.059300 0.071317
6 0.282638 0.896437 0.059300 0.071325
6 0.298916 0.705742 0.059306 0.071317
6 0.326825 0.763104 0.059300 0.071325
6 0.321009 0.606517 0.059306 0.071317
6 0.368684 0.577058 0.059306 0.071317
6 0.065197 0.232871 0.059306 0.071325
6 0.095428 0.229771 0.059306 0.071325
6 0.195428 0.240625 0.059306 0.071317
6 0.577987 0.084033 0.059300 0.071317
6 0.614031 0.049925 0.059300 0.071317
6 0.679150 0.045275 0.059300 0.071317
6 0.752406 0.240625 0.059300 0.071317
6 0.857056 0.270083 0.059300 0.071317
6 0.759381 0.538300 0.059300 0.071317
6 0.819847 0.620467 0.059306 0.071317
6 0.837287 0.440625 0.059300 0.071317
6 0.889613 0.544500 0.059300 0.071317
6 0.754731 0.891783 0.059300 0.071317
6 0.857056 0.752250 0.059300 0.071317
6 0.925662 0.797208 0.059300 0.071317
6 0.904731 0.710392 0.059300 0.071317
6 0.544266 0.639075 0.059306 0.071317
6 0.543103 0.722792 0.059306 0.071317
6 0.634962 0.690233 0.059300 0.071317
6 0.686125 0.573958 0.059300 0.071317
