6 0.572212 0.240781 0.029209 0.136302
6 0.396987 0.450391 0.029209 0.136302
6 0.435913 0.444583 0.029209 0.136302
6 0.462202 0.447174 0.029209 0.136302
6 0.506987 0.464049 0.029209 0.136302
6 0.313247 0.312174 0.029209 0.136302
6 0.361924 0.304388 0.029199 0.136302
6 0.278198 0.262839 0.029209 0.136302
6 0.250933 0.201836 0.029209 0.136302
6 0.222700 0.181068 0.029209 0.136302
6 0.086401 0.239479 0.029209 0.136302
6 0.773745 0.336836 0.029209 0.136302
6 0.820483 0.326445 0.029209 0.136302
6 0.534243 0.240781 0.029209 0.136302
6 0.593638 0.367995 0.029209 0.136302
6 0.626733 0.490013 0.029209 0.136302
6 0.506011 0.602943 0.029209 0.136302
6 0.485571 0.612031 0.029209 0.136302
6 0.461226 0.599049 0.029209 0.136302
6 0.415474 0.595156 0.029209 0.136302
6 0.668599 0.841797 0.029209 0.136302
6 0.688071 0.117461 0.029209 0.136302
6 0.118530 0.266732 0.029209 0.136302
6 0.147734 0.244674 0.029199 0.136302
6 0.198364 0.238177 0.029209 0.136302
6 0.115610 0.405638 0.029209 0.136302
6 0.143843 0.404336 0.029209 0.136302
6 0.163315 0.393958 0.029209 0.136302
6 0.192520 0.388763 0.029199 0.136302
6 0.213940 0.403034 0.029209 0.136302
6 0.243149 0.412122 0.029209 0.136302
6 0.285010 0.527656 0.029199 0.136302
6 0.317134 0.492604 0.029209 0.136302
6 0.346343 0.518568 0.029209 0.136302
6 0.224644 0.521172 0.029209 0.136302
6 0.178892 0.545833 0.029209 0.136302
6 0.183755 0.920990 0.029209 0.136302
6 0.139946 0.941992 0.029209 0.116016
6 0.201284 0.874258 0.029209 0.136302
6 0.221724 0.796367 0.029209 0.136302
6 0.264565 0.757422 0.029209 0.136302
6 0.302534 0.769102 0.029209 0.136302
6 0.325903 0.848294 0.029209 0.136302
6 0.357056 0.920990 0.029209 0.136302
6 0.442729 0.753529 0.029209 0.136302
6 0.476802 0.783385 0.029209 0.136302
6 0.512827 0.849583 0.029209 0.136302
6 0.539116 0.878151 0.029209 0.136302
6 0.593638 0.892422 0.029209 0.136302
6 0.551772 0.761315 0.029209 0.136302
6 0.599478 0.760026 0.029209 0.136302
6 0.624790 0.697708 0.029209 0.136302
6 0.628687 0.900221 0.029209 0.136302
6 0.713384 0.630208 0.029209 0.136302
6 0.672495 0.371888 0.029209 0.136302
6 0.549824 0.332943 0.029199 0.136302
6 0.501147 0.332943 0.029209 0.136302
6 0.459282 0.117461 0.029209 0.136302
6 0.402813 0.108372 0.029199 0.136302
6 0.342451 0.108372 0.029199 0.136302
6 0.298638 0.095391 0.029209 0.136302
6 0.510884 0.109661 0.029209 0.136302
6 0.544956 0.097982 0.029209 0.136302
6 0.580005 0.091497 0.029209 0.136302
6 0.647183 0.190150 0.029209 0.136289
6 0.638423 0.123945 0.029209 0.136302
6 0.716304 0.127839 0.029209 0.136302
