6 0.513944 0.743789 0.101712 0.215711
6 0.399288 0.186382 0.101713 0.215711
6 0.208806 0.184334 0.101712 0.215711
6 0.888044 0.888532 0.101713 0.215711
6 0.526875 0.121700 0.101713 0.215711
6 0.577738 0.540595 0.101713 0.215721
6 0.138987 0.831458 0.101713 0.215711
6 0.417406 0.895202 0.101713 0.209596
6 0.529456 0.911211 0.101713 0.177578
6 0.045788 0.466847 0.091575 0.215711
6 0.063125 0.188512 0.101713 0.215711
6 0.454466 0.388915 0.101719 0.215711
6 0.864769 0.484939 0.101713 0.215711
6 0.756159 0.924733 0.101719 0.143310
6 0.722138 0.159279 0.069850 0.168406
