6 0.922746 0.459276 0.090600 0.203490
6 0.860050 0.747594 0.090608 0.203500
6 0.530885 0.112583 0.090600 0.203500
6 0.442062 0.227562 0.090600 0.203500
6 0.668481 0.795354 0.091238 0.203500
6 0.576865 0.810089 0.091238 0.203490
6 0.487065 0.801490 0.091238 0.203500
6 0.045300 0.675073 0.090600 0.203500
6 0.047585 0.379677 0.090600 0.203500
6 0.065877 0.202797 0.090600 0.203490
6 0.323200 0.241708 0.090600 0.203500
6 0.651054 0.097438 0.090600 0.194875
6 0.946262 0.117896 0.090600 0.203500
6 0.803869 0.452214 0.155938 0.366260
