6 0.451558 0.628869 0.069607 0.085986
6 0.521863 0.615658 0.069607 0.085982
6 0.601024 0.571642 0.069607 0.085986
6 0.620132 0.654555 0.069607 0.085986
6 0.685643 0.679124 0.069607 0.085986
6 0.714305 0.631012 0.069607 0.085986
6 0.782550 0.640224 0.069607 0.085986
6 0.431787 0.359754 0.069607 0.085986
6 0.487744 0.366917 0.069607 0.085982
6 0.530056 0.350539 0.069607 0.085982
6 0.265273 0.392509 0.069607 0.085986
6 0.373096 0.397625 0.069607 0.085982
6 0.132884 0.299357 0.069607 0.085986
6 0.162914 0.371012 0.069607 0.085986
6 0.201130 0.367940 0.069607 0.085986
6 0.229792 0.239987 0.069607 0.085986
6 0.340343 0.238963 0.069607 0.085982
6 0.409950 0.237940 0.069607 0.085986
6 0.498665 0.241012 0.069607 0.085986
6 0.580555 0.249199 0.069607 0.085986
6 0.876722 0.470304 0.069607 0.085986
6 0.942233 0.513297 0.069607 0.085986
6 0.949058 0.602350 0.069607 0.085986
6 0.882180 0.567548 0.069607 0.085986
6 0.199762 0.530698 0.069607 0.085982
6 0.263911 0.604399 0.069607 0.085982
6 0.263911 0.660700 0.069607 0.085986
6 0.369005 0.585973 0.069607 0.085986
6 0.358084 0.486681 0.069607 0.085986
6 0.487744 0.492824 0.069607 0.085982
6 0.929950 0.235893 0.069607 0.085986
6 0.573729 0.461092 0.069607 0.085986
6 0.651523 0.492824 0.069607 0.085982
6 0.850789 0.245106 0.069607 0.085986
6 0.760713 0.506131 0.069607 0.085986
