6 0.218775 0.093044 0.061367 0.095687
6 0.289838 0.095466 0.061375 0.095694
6 0.381896 0.235984 0.061375 0.095694
6 0.328596 0.222659 0.061375 0.095694
6 0.234921 0.197222 0.061375 0.095694
6 0.775967 0.733822 0.061367 0.095694
6 0.940704 0.708384 0.061375 0.095694
6 0.394800 0.814981 0.061367 0.095687
6 0.475554 0.805291 0.061375 0.095694
6 0.528850 0.875538 0.061367 0.095688
6 0.590221 0.892497 0.061375 0.095694
6 0.180008 0.703534 0.061367 0.095694
6 0.220383 0.615109 0.061367 0.095694
6 0.569183 0.557584 0.061367 0.095694
6 0.294679 0.641759 0.061375 0.095694
6 0.383504 0.628434 0.061375 0.095694
6 0.708129 0.713231 0.061375 0.095688
6 0.310829 0.364372 0.061375 0.095694
6 0.262375 0.416459 0.061367 0.095694
6 0.102487 0.438262 0.061375 0.095688
6 0.178388 0.378909 0.061375 0.095694
6 0.356046 0.450375 0.061375 0.095688
6 0.420646 0.388600 0.061375 0.095687
6 0.625758 0.401928 0.061367 0.095694
6 0.661288 0.566666 0.061375 0.095694
6 0.632229 0.338941 0.061375 0.095694
6 0.864783 0.726556 0.061367 0.095687
