7 0.295078 0.526105 0.082644 0.060720
7 0.108500 0.401407 0.082644 0.060733
7 0.108500 0.329055 0.082644 0.060733
7 0.181100 0.371690 0.082644 0.060733
7 0.168811 0.281253 0.082644 0.060733
7 0.216839 0.179184 0.082656 0.060733
7 0.241411 0.092622 0.082644 0.060720
7 0.456961 0.157224 0.082656 0.060720
7 0.389950 0.148175 0.082656 0.060720
7 0.117439 0.827763 0.082656 0.060720
7 0.439711 0.380109 0.083756 0.138239
7 0.539622 0.365238 0.083756 0.138239
7 0.594350 0.304518 0.083767 0.138239
7 0.675878 0.402706 0.083756 0.138239
7 0.747356 0.463432 0.083756 0.138252
7 0.776394 0.388496 0.083767 0.138252
7 0.815483 0.566793 0.083767 0.138239
7 0.882494 0.516401 0.083767 0.138252
7 0.947272 0.263168 0.083767 0.138239
7 0.784211 0.858779 0.083756 0.138252
7 0.635672 0.706324 0.083767 0.138252
7 0.563072 0.825186 0.083767 0.138239
7 0.463672 0.889788 0.083767 0.138239
7 0.222439 0.840688 0.083767 0.138239
7 0.259294 0.928548 0.083767 0.138252
7 0.307317 0.813560 0.083767 0.138252
7 0.265978 0.721819 0.082644 0.060733
7 0.288317 0.655925 0.082656 0.060720
7 0.536256 0.617172 0.082644 0.060720
7 0.516156 0.764460 0.082644 0.060720
