9 0.145125 0.302378 0.207433 0.141569
9 0.132575 0.461803 0.207433 0.141569
9 0.429196 0.430688 0.207425 0.141575
9 0.275700 0.552034 0.207433 0.141569
9 0.340004 0.693603 0.207425 0.141569
9 0.559875 0.835172 0.207433 0.141569
9 0.412604 0.912959 0.207425 0.141569
9 0.613808 0.971647 0.207433 0.056706
9 0.825383 0.950647 0.207433 0.098706
9 0.858575 0.790059 0.207433 0.141569
9 0.725821 0.623597 0.207425 0.141569
9 0.721671 0.542697 0.207425 0.141569
9 0.620029 0.455578 0.207425 0.141569
9 0.875167 0.443134 0.207433 0.141569
9 0.682258 0.331122 0.207433 0.141569
9 0.590992 0.222222 0.207433 0.141569
9 0.433346 0.312453 0.207425 0.141569
