9 0.231475 0.580017 0.187900 0.244233
9 0.139844 0.408108 0.187888 0.244217
9 0.331819 0.390225 0.187888 0.244217
9 0.314312 0.805592 0.187900 0.244217
9 0.480000 0.716925 0.187900 0.244217
9 0.729694 0.522458 0.187887 0.244217
9 0.525500 0.505342 0.187900 0.244217
9 0.425162 0.205092 0.187900 0.244217
9 0.541838 0.313992 0.187900 0.244217
9 0.709856 0.180200 0.187887 0.244233
9 0.909462 0.189533 0.181075 0.244233
9 0.856869 0.441558 0.187887 0.244217
9 0.922300 0.609575 0.155400 0.244217
9 0.672519 0.897750 0.187887 0.204500
9 0.814862 0.788475 0.187900 0.244217
