9 0.223915 0.551207 0.166850 0.107347
9 0.453175 0.531793 0.166850 0.107347
9 0.764705 0.552013 0.166850 0.107333
9 0.764705 0.242427 0.166850 0.107333
9 0.118305 0.687360 0.166850 0.107333
9 0.306165 0.849153 0.166850 0.107347
9 0.387835 0.946747 0.166850 0.106507
9 0.442675 0.819593 0.166850 0.107347
9 0.635195 0.892713 0.166850 0.107347
9 0.318995 0.674913 0.166850 0.107347
9 0.327165 0.435340 0.166850 0.107347
9 0.150975 0.463340 0.166850 0.107347
9 0.408835 0.215980 0.166850 0.107347
9 0.212815 0.075967 0.166850 0.107347
9 0.245485 0.166193 0.166850 0.107347
9 0.127645 0.195753 0.166850 0.107347
9 0.764705 0.371553 0.166850 0.107347
9 0.557015 0.341993 0.166850 0.107347
9 0.768205 0.662473 0.166850 0.107347
9 0.790375 0.807153 0.166850 0.107347
