9 0.180464 0.558250 0.082432 0.105788
9 0.275226 0.416677 0.082432 0.105788
9 0.355599 0.107094 0.082432 0.105788
9 0.499855 0.189545 0.082432 0.105788
9 0.549317 0.088423 0.082432 0.105792
9 0.615261 0.208213 0.082432 0.105788
9 0.713151 0.058866 0.082432 0.105788
9 0.120667 0.771383 0.082432 0.105788
9 0.207220 0.776048 0.082432 0.105788
9 0.255651 0.558250 0.082432 0.105788
9 0.118605 0.398009 0.082432 0.105788
9 0.363362 0.796275 0.180322 0.314257
9 0.573021 0.681150 0.180322 0.314252
9 0.855352 0.301550 0.180319 0.314252
9 0.797649 0.608027 0.180319 0.314257
9 0.814136 0.855351 0.180322 0.289297
