9 0.281644 0.299992 0.283537 0.281583
9 0.200619 0.489025 0.169187 0.119783
9 0.527844 0.376233 0.169187 0.119800
9 0.441494 0.292225 0.169188 0.119783
9 0.520844 0.220667 0.169188 0.119800
9 0.833013 0.577692 0.283525 0.281583
9 0.554675 0.559792 0.283525 0.281583
9 0.529000 0.783808 0.283525 0.281583
9 0.283981 0.866625 0.283538 0.266750
9 0.218637 0.667142 0.283525 0.281583
9 0.064687 0.419775 0.129375 0.281583
9 0.027938 0.839825 0.055875 0.281583
9 0.821863 0.962300 0.283525 0.075400
9 0.784531 0.298425 0.283537 0.281583
