9 0.542539 0.190875 0.107969 0.226932
9 0.127710 0.669034 0.133213 0.425523
9 0.328364 0.561670 0.133213 0.425523
9 0.120273 0.298261 0.133203 0.425523
9 0.260449 0.237466 0.133203 0.425523
9 0.608716 0.581943 0.133213 0.425523
9 0.748052 0.571761 0.107959 0.226932
9 0.699253 0.355000 0.107959 0.226955
9 0.802866 0.320557 0.107959 0.226932
9 0.852495 0.454284 0.107959 0.226932
9 0.963247 0.585989 0.073506 0.226932
9 0.963687 0.853466 0.072627 0.226932
9 0.886450 0.756205 0.107959 0.226955
9 0.775874 0.735943 0.107959 0.226932
9 0.843784 0.900386 0.107959 0.199227
9 0.611318 0.936864 0.107969 0.126273
9 0.638311 0.100500 0.107969 0.201000
9 0.834209 0.146295 0.107969 0.226955
