9 0.439785 0.609579 0.102154 0.139789
9 0.314273 0.349776 0.102146 0.139781
9 0.360658 0.278211 0.102146 0.139789
9 0.733092 0.608022 0.102154 0.139781
9 0.585758 0.519346 0.102146 0.139781
9 0.495715 0.359110 0.102154 0.139781
9 0.237877 0.145978 0.102154 0.139781
9 0.093265 0.408890 0.102146 0.139781
9 0.225596 0.443118 0.102146 0.139781
9 0.179212 0.295325 0.102146 0.139789
9 0.278804 0.678031 0.102146 0.139781
9 0.078258 0.623579 0.102146 0.139789
9 0.070073 0.788487 0.102146 0.139781
9 0.183304 0.867825 0.102146 0.139789
9 0.308815 0.533346 0.102154 0.139781
