9 0.039419 0.062694 0.078838 0.124455
9 0.215220 0.064307 0.078838 0.124455
9 0.274297 0.215205 0.078848 0.124470
9 0.065918 0.191874 0.078848 0.124455
9 0.107808 0.493685 0.078838 0.124455
9 0.042290 0.605693 0.078838 0.124455
9 0.130366 0.624364 0.078838 0.124455
9 0.174404 0.901280 0.078848 0.124455
9 0.063770 0.916839 0.078848 0.124455
9 0.420376 0.622808 0.078838 0.124455
9 0.331226 0.622808 0.078838 0.124455
9 0.367744 0.515460 0.078848 0.124470
9 0.426821 0.415891 0.078838 0.124455
9 0.611567 0.537235 0.078838 0.124455
9 0.641641 0.618140 0.078848 0.124455
9 0.731865 0.660134 0.078848 0.124455
9 0.815649 0.708366 0.078838 0.124455
9 0.823164 0.636810 0.078848 0.124455
9 0.843574 0.887277 0.078848 0.124455
9 0.778052 0.913727 0.078838 0.124455
9 0.624458 0.867051 0.078838 0.124455
9 0.703940 0.825042 0.078838 0.124455
9 0.625532 0.744151 0.078838 0.124455
9 0.801685 0.241648 0.078838 0.124455
9 0.607271 0.230757 0.078838 0.124455
9 0.639492 0.095410 0.078848 0.124455
9 0.768384 0.059378 0.078838 0.118755
9 0.851094 0.054710 0.078848 0.109420
9 0.955278 0.059378 0.078838 0.118755
9 0.939170 0.461011 0.078848 0.124455
9 0.712534 0.387885 0.078838 0.124455
9 0.538525 0.338112 0.078848 0.124455
9 0.626606 0.367666 0.078838 0.124470
9 0.201255 0.068975 0.078838 0.124455
9 0.436484 0.049264 0.078848 0.098529
9 0.386001 0.173204 0.078838 0.124455
