9 0.310830 0.449342 0.243086 0.294935
9 0.303828 0.864069 0.243086 0.271862
9 0.113506 0.229980 0.227012 0.294935
9 0.655059 0.670234 0.058340 0.052891
9 0.952559 0.415117 0.058340 0.052891
9 0.677197 0.726263 0.058340 0.052891
9 0.697031 0.804043 0.058340 0.052904
9 0.660859 0.849160 0.058340 0.052904
9 0.638691 0.853828 0.058340 0.052891
9 0.586187 0.923835 0.058330 0.052904
9 0.552354 0.905169 0.058340 0.052891
9 0.600186 0.765150 0.058340 0.052904
9 0.569854 0.796263 0.058340 0.052891
9 0.553516 0.726263 0.058340 0.052891
9 0.546514 0.645365 0.058340 0.052891
9 0.590850 0.676471 0.058340 0.052891
9 0.587354 0.583132 0.058340 0.052904
9 0.601357 0.514681 0.058340 0.052904
9 0.674863 0.536458 0.058340 0.052891
9 0.691196 0.454010 0.058330 0.052891
9 0.648027 0.391784 0.058340 0.052891
9 0.618857 0.306217 0.058340 0.052904
9 0.693530 0.337331 0.058330 0.052891
9 0.746035 0.427565 0.058340 0.052891
9 0.741367 0.514681 0.058340 0.052904
9 0.807871 0.360664 0.058340 0.052891
9 0.861543 0.379336 0.058340 0.052891
9 0.881387 0.440007 0.058340 0.052904
9 0.894219 0.338887 0.058340 0.052904
9 0.817207 0.303105 0.058340 0.052904
9 0.681865 0.234655 0.058340 0.052904
9 0.686533 0.195762 0.058340 0.052904
9 0.743701 0.201979 0.058340 0.052891
9 0.712197 0.091523 0.058340 0.052891
