0 0.205750 0.129609 0.223280 0.222226
0 0.134400 0.263959 0.214880 0.305054
0 0.153705 0.510421 0.236710 0.228279
0 0.300600 0.748803 0.308900 0.276763
0 0.143635 0.773051 0.129270 0.252527
0 0.301440 0.883147 0.176280 0.177774
0 0.324945 0.265975 0.152770 0.264657
0 0.434065 0.242744 0.132630 0.298989
0 0.426510 0.525572 0.268600 0.408087
0 0.575925 0.330620 0.154450 0.345451
0 0.652305 0.344765 0.159490 0.292924
0 0.691760 0.505373 0.134300 0.254549
0 0.695115 0.682136 0.329050 0.349495
0 0.891030 0.679308 0.157800 0.204031
0 0.789125 0.344765 0.201450 0.276775
0 0.854600 0.177088 0.218240 0.228279
0 0.872740 0.918339 0.254520 0.163321
