0 0.115957 0.415214 0.152773 0.319865
0 0.258000 0.266224 0.123734 0.223906
0 0.472648 0.224979 0.164141 0.205396
0 0.770625 0.190469 0.184344 0.210437
0 0.578707 0.405115 0.128789 0.161625
0 0.691082 0.446359 0.070711 0.227281
0 0.766211 0.405953 0.084594 0.213802
0 0.889312 0.427000 0.184344 0.269354
0 0.117156 0.063281 0.150375 0.114646
0 0.270629 0.697203 0.209602 0.153198
0 0.523152 0.851240 0.267680 0.235688
0 0.471387 0.644172 0.138883 0.148156
0 0.479594 0.487604 0.130047 0.178458
0 0.589445 0.602927 0.092172 0.183500
0 0.718227 0.698885 0.178031 0.274417
0 0.834391 0.740130 0.203281 0.154885
0 0.317977 0.587771 0.160359 0.149833
