0 0.084544 0.524344 0.163362 0.248276
0 0.527425 0.135628 0.132013 0.271256
0 0.877150 0.249700 0.124562 0.269803
0 0.928728 0.115600 0.142544 0.186776
0 0.632819 0.333515 0.106463 0.290553
0 0.399669 0.121256 0.140525 0.242512
0 0.445981 0.371823 0.143725 0.287357
0 0.678066 0.137151 0.103269 0.162830
0 0.744603 0.414930 0.129881 0.249035
0 0.710537 0.549827 0.172462 0.237873
0 0.558297 0.643215 0.151181 0.217113
0 0.727041 0.062188 0.135206 0.124377
0 0.279916 0.514414 0.227381 0.175445
0 0.362697 0.876898 0.189856 0.191996
0 0.201544 0.205070 0.167775 0.410141
