2 0.820959 0.706087 0.097104 0.165516
2 0.920379 0.701120 0.123368 0.188689
2 0.880545 0.823602 0.128001 0.168828
2 0.544214 0.515740 0.116965 0.182070
2 0.650035 0.452843 0.121157 0.168828
2 0.760269 0.462776 0.099311 0.221793
2 0.700681 0.575328 0.134621 0.195308
2 0.507690 0.716018 0.154262 0.238346
2 0.383993 0.663051 0.127998 0.185382
2 0.427028 0.850087 0.214068 0.254896
2 0.138034 0.702776 0.214291 0.297930
2 0.191000 0.524017 0.223116 0.304553
2 0.319993 0.259188 0.229517 0.225104
2 0.272545 0.729260 0.174343 0.258207
2 0.101620 0.085397 0.176331 0.162209
2 0.180958 0.163190 0.150069 0.185382
2 0.903717 0.466085 0.165518 0.235035
