2 0.487731 0.784015 0.224963 0.258199
2 0.724819 0.774081 0.240412 0.278068
2 0.764519 0.517542 0.183063 0.254897
2 0.862669 0.305675 0.145563 0.241670
2 0.763413 0.160019 0.158800 0.254897
2 0.925525 0.108705 0.138950 0.192008
2 0.471188 0.396707 0.218350 0.317805
2 0.596900 0.277533 0.178650 0.278068
2 0.260556 0.512570 0.176437 0.317786
2 0.913394 0.810507 0.154387 0.331032
2 0.285919 0.903189 0.258038 0.192008
2 0.317906 0.267598 0.114687 0.152270
2 0.590281 0.611876 0.258038 0.178762
2 0.287019 0.676435 0.154387 0.241651
