1 0.121565 0.226556 0.142254 0.151729
1 0.221377 0.188763 0.156246 0.220692
1 0.327488 0.186005 0.158577 0.253794
1 0.118765 0.373590 0.193562 0.198626
1 0.368300 0.343248 0.249538 0.165514
1 0.210185 0.550696 0.174908 0.270346
1 0.195027 0.713453 0.149254 0.187580
1 0.278515 0.701865 0.181908 0.165514
1 0.375296 0.678417 0.123608 0.168280
1 0.613169 0.637043 0.226215 0.140692
1 0.554865 0.799800 0.165577 0.184823
1 0.796238 0.677038 0.214554 0.325523
1 0.748431 0.460487 0.212215 0.289654
1 0.663312 0.148763 0.195900 0.295177
1 0.498200 0.290005 0.191231 0.306215
