4 0.208343 0.905880 0.140450 0.181647
4 0.343174 0.911498 0.115168 0.170410
4 0.209746 0.773858 0.174157 0.123597
4 0.122669 0.610937 0.182583 0.295880
4 0.179270 0.233407 0.150280 0.129213
4 0.197106 0.309438 0.148877 0.104870
4 0.222387 0.404008 0.143260 0.136703
4 0.243455 0.477978 0.095505 0.191010
4 0.360029 0.557565 0.134832 0.323970
4 0.393736 0.383408 0.162923 0.117977
4 0.359326 0.300075 0.161517 0.116103
4 0.324212 0.200823 0.110955 0.116107
4 0.384606 0.112808 0.099717 0.119850
4 0.452725 0.189587 0.095505 0.131087
4 0.539802 0.621237 0.123595 0.241573
4 0.627585 0.592210 0.099720 0.209740
4 0.382499 0.772922 0.146068 0.084270
4 0.461854 0.814120 0.091293 0.192887
4 0.515927 0.879438 0.182585 0.241123
4 0.663399 0.863745 0.098312 0.198503
4 0.779269 0.713932 0.088482 0.340823
4 0.906376 0.563183 0.160112 0.222847
4 0.882921 0.438465 0.209267 0.194757
4 0.876600 0.269925 0.165730 0.161050
4 0.896264 0.204382 0.174158 0.198503
4 0.647247 0.174607 0.108145 0.108613
4 0.622669 0.319738 0.146067 0.174157
4 0.590365 0.451760 0.165730 0.086140
