4 0.084039 0.202384 0.066653 0.067099
4 0.095635 0.101732 0.060857 0.082245
4 0.127510 0.064934 0.078244 0.095239
4 0.066653 0.272728 0.089835 0.051952
4 0.081142 0.338746 0.124618 0.127708
4 0.181121 0.324676 0.127510 0.108225
4 0.223140 0.446971 0.130413 0.127708
4 0.098528 0.604977 0.170981 0.166667
4 0.260816 0.611470 0.142004 0.119051
4 0.386875 0.519483 0.092738 0.125540
4 0.434685 0.397187 0.084039 0.127708
4 0.498440 0.216447 0.101426 0.112554
4 0.591178 0.312770 0.153595 0.119043
4 0.556405 0.489174 0.147789 0.125540
4 0.318776 0.892855 0.118812 0.183981
4 0.439034 0.906925 0.104329 0.164498
4 0.297035 0.727272 0.144897 0.086582
4 0.479607 0.766775 0.226033 0.109306
4 0.712893 0.935718 0.147789 0.116883
4 0.918647 0.799352 0.124607 0.108225
4 0.914298 0.316667 0.168079 0.186142
4 0.725930 0.384850 0.144897 0.153681
4 0.815764 0.607793 0.202851 0.136358
4 0.686808 0.830737 0.176777 0.093079
4 0.941209 0.954113 0.117583 0.088750
4 0.807319 0.180737 0.176291 0.073958
