1 0.083076 0.556159 0.166152 0.441380
1 0.601675 0.089115 0.130342 0.178229
1 0.956528 0.867891 0.086943 0.242760
1 0.667881 0.201680 0.122070 0.129661
1 0.573745 0.260990 0.107588 0.143437
1 0.470293 0.135469 0.124141 0.206901
1 0.678228 0.324434 0.101377 0.187591
1 0.739263 0.525814 0.136553 0.226211
1 0.784780 0.789264 0.103447 0.306211
1 0.651328 0.776855 0.146895 0.253789
1 0.524087 0.627884 0.115869 0.248268
1 0.438223 0.582370 0.088965 0.228958
1 0.273740 0.492708 0.140684 0.402760
1 0.153740 0.233405 0.206895 0.463451
