1 0.133448 0.767150 0.139594 0.190331
1 0.077037 0.590611 0.149136 0.240000
1 0.277804 0.852545 0.206508 0.294911
1 0.119101 0.429224 0.175908 0.325522
1 0.206102 0.252672 0.185467 0.336539
1 0.331340 0.578193 0.175908 0.347583
1 0.472840 0.769911 0.114709 0.306183
1 0.650661 0.753359 0.237090 0.317252
1 0.823695 0.758880 0.170176 0.306209
1 0.955353 0.874606 0.089295 0.250789
1 0.782981 0.398601 0.193122 0.322748
1 0.908792 0.266463 0.133845 0.347583
1 0.647787 0.385089 0.116631 0.386209
1 0.520644 0.426463 0.172081 0.275878
1 0.355247 0.187850 0.147213 0.234478
