4 0.191113 0.268984 0.123288 0.157619
4 0.263678 0.360275 0.127969 0.177900
4 0.067075 0.448447 0.134150 0.166981
4 0.099819 0.652100 0.149812 0.081150
4 0.149756 0.787088 0.140450 0.201313
4 0.239487 0.602944 0.188825 0.179462
4 0.254316 0.467953 0.115481 0.124844
4 0.379159 0.370419 0.118606 0.129525
4 0.471231 0.334525 0.090513 0.120162
4 0.408809 0.464831 0.171656 0.118600
4 0.521169 0.541300 0.115475 0.171662
4 0.484494 0.639616 0.210675 0.152931
4 0.499322 0.783184 0.218481 0.168544
4 0.697509 0.658341 0.152931 0.171656
4 0.713897 0.823759 0.129531 0.237206
4 0.888678 0.723103 0.198194 0.276219
4 0.889459 0.480441 0.162294 0.274656
4 0.598416 0.373541 0.254369 0.357369
4 0.892738 0.290622 0.213275 0.161256
4 0.816334 0.182359 0.218606 0.144481
4 0.575166 0.177875 0.224981 0.130050
