1 0.247774 0.419676 0.202978 0.328288
1 0.428997 0.375543 0.159467 0.212422
1 0.594483 0.397328 0.089060 0.162756
1 0.673393 0.412777 0.097351 0.160000
1 0.751058 0.433476 0.082837 0.140689
1 0.759342 0.554854 0.115987 0.217933
1 0.645423 0.576910 0.091129 0.113111
1 0.637147 0.741054 0.066270 0.132422
1 0.619334 0.859395 0.072492 0.110355
1 0.835972 0.629332 0.057994 0.135157
1 0.775705 0.704916 0.082853 0.099311
1 0.744843 0.804499 0.111850 0.137933
1 0.258127 0.797610 0.198824 0.212422
1 0.481599 0.841472 0.153260 0.129666
1 0.409318 0.592088 0.107696 0.165511
