5 0.774990 0.656203 0.134788 0.222219
5 0.607962 0.375234 0.074231 0.193656
5 0.684154 0.467312 0.097692 0.200000
5 0.902952 0.567313 0.156288 0.228563
5 0.899048 0.726031 0.160212 0.323812
5 0.778904 0.848266 0.095731 0.161906
5 0.854115 0.246031 0.113308 0.193625
5 0.954404 0.125391 0.091192 0.225406
5 0.926394 0.371422 0.136750 0.273031
5 0.573769 0.519688 0.076192 0.184125
5 0.597221 0.137141 0.087904 0.149219
5 0.535683 0.259359 0.042981 0.177781
5 0.695875 0.292687 0.109404 0.155562
5 0.705635 0.164141 0.093769 0.253969
5 0.380365 0.586344 0.130885 0.247625
5 0.436038 0.416500 0.085962 0.244437
5 0.369625 0.206984 0.117212 0.301594
5 0.456558 0.180000 0.084000 0.298438
5 0.253385 0.646672 0.076192 0.171406
5 0.137135 0.516500 0.113308 0.203187
5 0.129337 0.238734 0.109404 0.263469
5 0.043173 0.319688 0.086346 0.374625
5 0.267058 0.209844 0.091808 0.352375
5 0.812115 0.108250 0.115269 0.123813
