1 0.901500 0.674825 0.127800 0.381650
1 0.922300 0.354425 0.155400 0.308150
1 0.799950 0.329925 0.113800 0.308150
1 0.409013 0.669225 0.187325 0.357150
1 0.239712 0.527750 0.187325 0.332600
1 0.320600 0.131725 0.238100 0.213550
1 0.765825 0.098425 0.213600 0.196850
1 0.493575 0.158350 0.169800 0.217100
1 0.933900 0.114175 0.115550 0.228350
1 0.386775 0.483975 0.134800 0.189050
1 0.513700 0.441975 0.126050 0.350150
1 0.560975 0.223100 0.077050 0.234600
1 0.680025 0.375450 0.122550 0.245100
1 0.718550 0.538250 0.129550 0.234600
1 0.795575 0.718575 0.115550 0.357150
