1 0.130617 0.146667 0.252433 0.248267
1 0.356133 0.185278 0.314467 0.303444
1 0.523717 0.254256 0.260700 0.231711
1 0.672683 0.274944 0.194500 0.212422
1 0.860967 0.305289 0.173800 0.157244
1 0.515450 0.418389 0.136567 0.096556
1 0.763717 0.472189 0.202767 0.137933
1 0.534067 0.541144 0.182067 0.209667
1 0.304417 0.499778 0.219300 0.198622
1 0.135167 0.559078 0.235867 0.212422
1 0.378883 0.615633 0.335167 0.209667
1 0.647850 0.716322 0.260700 0.162778
1 0.488550 0.774244 0.331033 0.234489
1 0.263033 0.863900 0.384800 0.259311
1 0.772000 0.869433 0.343467 0.220689
