2 0.119173 0.274713 0.109694 0.212869
2 0.486010 0.190191 0.103857 0.102623
2 0.605929 0.196817 0.101367 0.168825
2 0.594796 0.337500 0.069224 0.112541
2 0.554000 0.395437 0.086531 0.129126
2 0.488480 0.835710 0.143408 0.221803
2 0.599745 0.751298 0.044510 0.079426
2 0.657857 0.706612 0.071714 0.096011
2 0.723378 0.800956 0.064306 0.125792
2 0.129020 0.850628 0.050531 0.123770
2 0.275082 0.938101 0.073959 0.123798
2 0.795235 0.240068 0.152837 0.123743
2 0.695398 0.367131 0.071490 0.136940
2 0.317612 0.706243 0.067796 0.105601
2 0.053224 0.550301 0.088735 0.186448
