4 0.159092 0.834414 0.173691 0.139289
4 0.230962 0.631106 0.197646 0.164000
4 0.567856 0.729952 0.104814 0.146029
4 0.940688 0.809703 0.113799 0.125810
4 0.926924 0.926520 0.146152 0.089861
4 0.144121 0.935509 0.275508 0.116821
4 0.419624 0.654692 0.155713 0.251612
4 0.305825 0.380615 0.161709 0.152762
4 0.630742 0.296374 0.284492 0.155004
4 0.689141 0.088571 0.185664 0.170740
4 0.337275 0.204264 0.230586 0.186462
4 0.529331 0.420242 0.107842 0.067414
4 0.610210 0.435974 0.119814 0.062923
4 0.632676 0.504513 0.104844 0.056176
4 0.758486 0.604513 0.080879 0.107868
4 0.241758 0.610128 0.113828 0.092139
4 0.184844 0.673051 0.143789 0.092139
4 0.412510 0.658443 0.047930 0.058425
4 0.472417 0.713502 0.083877 0.065172
4 0.598228 0.678667 0.119814 0.053934
4 0.535322 0.603385 0.155762 0.096630
4 0.565278 0.167432 0.131807 0.132579
4 0.114453 0.058436 0.218672 0.116872
