4 0.301883 0.439187 0.186317 0.156401
4 0.699150 0.661658 0.265550 0.299328
4 0.774104 0.556495 0.222725 0.245393
4 0.703433 0.339412 0.304100 0.420672
4 0.314733 0.795142 0.182033 0.285834
4 0.406825 0.710199 0.134917 0.240000
4 0.629546 0.884129 0.297675 0.177975
4 0.764467 0.828851 0.126350 0.180682
4 0.889746 0.929974 0.209875 0.113253
4 0.954512 0.737167 0.090975 0.191459
4 0.280471 0.277392 0.229142 0.242697
4 0.086663 0.445929 0.158475 0.391018
4 0.228004 0.559187 0.119925 0.186076
4 0.471075 0.517392 0.190600 0.199549
4 0.834067 0.087277 0.325517 0.115960
