4 0.468916 0.767604 0.344629 0.310651
4 0.054863 0.660820 0.109727 0.310651
4 0.200732 0.511966 0.177168 0.310651
4 0.114575 0.411647 0.179600 0.207096
4 0.064824 0.291914 0.118926 0.200625
4 0.331792 0.191602 0.123779 0.168281
4 0.343926 0.421354 0.133477 0.252396
4 0.398530 0.526523 0.189307 0.236224
4 0.512603 0.452090 0.116494 0.216810
4 0.455566 0.232051 0.138340 0.223268
4 0.675210 0.094180 0.237842 0.188359
4 0.676421 0.329128 0.259678 0.177969
4 0.690981 0.575065 0.458701 0.372135
4 0.217725 0.853353 0.220859 0.216810
