1 0.460768 0.501667 0.093956 0.090464
1 0.574146 0.535591 0.110250 0.094456
1 0.223993 0.747117 0.083935 0.118402
1 0.079295 0.748449 0.085190 0.118402
1 0.217100 0.514306 0.152837 0.089132
1 0.669357 0.691244 0.100224 0.195567
1 0.580411 0.755766 0.170380 0.154317
1 0.760185 0.695235 0.116507 0.176938
1 0.403631 0.361382 0.099224 0.124522
1 0.293587 0.045287 0.001801 0.001918
1 0.348610 0.165019 0.155148 0.134096
1 0.368454 0.260807 0.144321 0.137933
1 0.504659 0.165022 0.156950 0.191570
1 0.652043 0.198162 0.135299 0.208817
1 0.597564 0.357548 0.115461 0.197319
1 0.259310 0.404483 0.211072 0.176241
