0 0.379577 0.815748 0.241296 0.297930
0 0.484484 0.404713 0.119603 0.198609
0 0.590443 0.571609 0.104907 0.113096
0 0.514907 0.654365 0.075529 0.157252
0 0.401601 0.567478 0.121693 0.132417
0 0.680661 0.308165 0.109101 0.242765
0 0.836971 0.752296 0.237090 0.408278
0 0.181296 0.494365 0.167857 0.355861
0 0.068618 0.770226 0.137235 0.455165
0 0.093175 0.188565 0.155265 0.377130
0 0.900966 0.083330 0.092328 0.135183
0 0.916911 0.247478 0.166177 0.160000
0 0.772976 0.549539 0.188836 0.366904
0 0.427831 0.830922 0.136376 0.184835
0 0.337612 0.884713 0.132183 0.176557
0 0.357540 0.459878 0.075529 0.088278
