3 0.130312 0.147539 0.246208 0.264833
3 0.334100 0.206850 0.240000 0.212411
3 0.585483 0.165472 0.266900 0.195856
3 0.828588 0.157194 0.310342 0.195856
3 0.742721 0.284089 0.291725 0.240000
3 0.705483 0.590300 0.204833 0.593111
3 0.902912 0.550300 0.194175 0.562756
3 0.837896 0.834439 0.242075 0.231722
3 0.613413 0.875811 0.202758 0.220689
3 0.619613 0.748933 0.128292 0.110378
3 0.542033 0.493744 0.204833 0.504822
3 0.434450 0.390300 0.101383 0.242756
3 0.378588 0.695122 0.159308 0.560000
3 0.231692 0.490989 0.242067 0.582067
3 0.101342 0.358572 0.180000 0.372411
3 0.072379 0.724094 0.101375 0.408278
3 0.164450 0.736500 0.194483 0.400000
